4.697950 5.700805 3.729108 3.198544 4.160704 4.649714 3.624493 5.397803 4.265371 4.663383
6.918092 7.977587 5.217735 6.079238 6.385812 6.766089 4.744487 6.798464 5.454182 7.463267
6.024952 7.070286 4.169400 6.085848 5.368818 6.784555 3.219447 4.963780 4.011919 6.276608
5.942645 6.073133 3.917548 4.509001 4.875122 6.521394 3.284061 4.752649 4.496281 5.818336
5.302518 5.555897 4.604016 4.694379 5.019190 4.913884 3.390407 4.535957 3.674950 6.032486
6.393108 6.728955 5.435012 5.288797 5.610822 6.424236 3.778189 5.937707 5.110433 6.277541
7.007524 7.193805 4.844927 6.416478 6.254664 7.202630 4.569802 6.188915 6.060814 7.279027
5.811585 7.180475 4.611696 4.691014 5.047937 6.360294 3.918306 5.218636 4.593340 5.958174
5.516004 6.784410 4.526421 5.078232 5.063895 5.254290 3.679222 4.795955 3.924656 6.280874
6.100989 6.862043 4.924794 5.530822 6.198421 6.876252 4.028632 6.106505 4.984619 6.233570
