0.200445859 0.392617129 0.775033417 0.830615158 0.402960039 0.136609753 0.021037391 0.364390670 0.602871115 0.227993362 0.465975801 0.519305166 0.488046920 0.896238816 0.182023659 0.029515574 0.809369144 0.486671395 0.010914741 0.635157144
0.496803895 0.521080227 0.926119570 0.880534663 0.997056541 0.222550975 0.802667044 0.364694219 0.814416108 0.137785987 0.285691937 0.311447446 0.679540240 0.999383731 0.434532432 0.399076474 0.618766625 0.694744174 0.846995989 0.801023289
0.624503935 0.848648700 0.614676199 0.328078601 0.377138441 0.946373197 0.710546870 0.709618842 0.426316157 0.695974736 0.416320712 0.159203305 0.641612061 0.268200926 0.983168542 0.499270177 0.156122820 0.556399625 0.321048903 0.109073489
0.901009603 0.471001812 0.007308607 0.147003120 0.236288369 0.279999056 0.722427451 0.704939830 0.081600464 0.519153073 0.623742910 0.736768479 0.870867248 0.794470825 0.651928197 0.439515728 0.306072827 0.554943506 0.489251070 0.138503458
0.198317942 0.516529332 0.266946140 0.256632712 0.908069436 0.518819183 0.837345284 0.817647770 0.518126960 0.317682768 0.826511360 0.301297493 0.512182193 0.126849728 0.127136932 0.994071650 0.844435201 0.166763863 0.183210192 0.143000010
0.288030040 0.390649964 0.829935279 0.582793735 0.001605226 0.745660835 0.783829175 0.678677893 0.399375641 0.262834663 0.407442425 0.612491667 0.735701412 0.812941150 0.472725467 0.614650017 0.996995884 0.019977336 0.522268486 0.902893780
0.280800401 0.947110507 0.756843925 0.054466854 0.999089340 0.685549202 0.987512490 0.890248222 0.031432872 0.193491223 0.987819919 0.846483174 0.063267255 0.967360292 0.281196998 0.740977023 0.310747991 0.374259764 0.937634326 0.829948487
0.503700788 0.114366293 0.762962478 0.859252749 0.501126915 0.537409507 0.058487327 0.267300650 0.221918587 0.396395671 0.984067568 0.731321801 0.961845635 0.141603714 0.382164653 0.016904067 0.856172259 0.589045721 0.807399877 0.310660773
0.501256303 0.143615069 0.927230313 0.625041129 0.871985639 0.293270797 0.199413220 0.466067918 0.504713142 0.571774599 0.527903696 0.080934069 0.543782800 0.327855400 0.741291814 0.953327903 0.512332208 0.040610128 0.907318470 0.052624887
0.851497286 0.608937267 0.445892608 0.641879492 0.944555540 0.884855382 0.973150265 0.777399638 0.470052102 0.611676429 0.397179555 0.272169199 0.478744512 0.837070955 0.335513843 0.756473332 0.219146276 0.219604399 0.021759707 0.852388588
