0.226147210 0.726241182 0.010656169 0.002194673 0.136390911 0.777267328 0.172249421 0.719751873 0.010567401 0.526833207
0.299715425 0.980665288 0.220573678 0.627371486 0.723612831 0.817184975 0.130144125 0.554081107 0.186649656 0.635208453
0.792091118 0.933784500 0.265940041 0.783541724 0.440246373 0.254802182 0.717941918 0.788704612 0.479459048 0.791418033
0.318137567 0.794113556 0.827679974 0.140241566 0.928315397 0.562583080 0.537363400 0.717193882 0.245886722 0.127869950
0.102746238 0.429043381 0.240207929 0.457844925 0.457120655 0.304965467 0.613529305 0.092776596 0.404932733 0.716889906
0.510825972 0.952547493 0.243179235 0.959454229 0.043312393 0.970163160 0.003445381 0.070265913 0.078408219 0.254882907
0.929557323 0.135019846 0.371811171 0.980077256 0.881276277 0.692222662 0.176935534 0.332344815 0.387788448 0.875503416
0.765676554 0.015840503 0.691981468 0.432512194 0.305047253 0.239744196 0.286728223 0.717353012 0.284417712 0.473719229
0.448496172 0.706551305 0.223505729 0.500141599 0.136494261 0.137108703 0.486994830 0.843385509 0.119381415 0.953043720
0.862218268 0.822629215 0.219093456 0.449936838 0.644352038 0.832666603 0.316128584 0.692027404 0.769455872 0.305501984
0.745351074 0.996058436 0.489170456 0.365698741 0.959933726 0.928822591 0.452601331 0.862733548 0.874007324 0.699085706
0.332384673 0.027682283 0.205535078 0.053033639 0.004309538 0.696176823 0.878339451 0.076115597 0.829241384 0.541820937
0.792864595 0.870696273 0.977689979 0.512329782 0.962529610 0.924686688 0.295576204 0.173082034 0.359398505 0.664437472
0.962243522 0.930683450 0.019500928 0.006962591 0.231840352 0.620201282 0.440954545 0.885979624 0.931370279 0.368962492
0.236151980 0.556977197 0.437546224 0.833631258 0.527515732 0.972174429 0.063508874 0.061828377 0.554455732 0.747766054
0.467959967 0.439345440 0.946520913 0.522716946 0.827790679 0.088334106 0.514595896 0.231368139 0.221760822 0.692023831
0.556383904 0.694789117 0.712683695 0.058956249 0.070905995 0.204572903 0.152939279 0.679034777 0.303241634 0.783689382
0.986373678 0.887231447 0.205933011 0.847139511 0.501569567 0.652928754 0.579301236 0.759380314 0.496477325 0.703700004
0.893713824 0.960847993 0.386827238 0.999321769 0.375411342 0.651529375 0.189485215 0.344577299 0.361826288 0.903261898
0.021877204 0.008202859 0.872110687 0.374458412 0.999510315 0.640732823 0.273180676 0.923139066 0.999044550 0.038745158
